dataset_name: 'scannet'
camera_params:
  image_height: 480
  image_width: 640
  fx: 577.590698
  fy: 578.729797
  cx: 318.905426
  cy: 242.683609
  crop_edge: 10
  png_depth_scale: 1000.0